 

,ἰ
i

 

 

 

 

 

 

appliqude (1110 (13115 005 101115 manv-ais 011 1111 Ρο31110, 3330110331 105
3115111105 (111 1013111110 (10 Ι)1011 aux 33105 (1111 1111 50111 00311005, 3 puisse,
00111310 Γ3310111· (10 l'Imilalion, 505 11035005, 505 expressions, 505 0011-
101115 01 505 11113305 (13115 005 50111005 11111133105 (10111 105 caux reJaillissent
jusqu'h 13 vio 0101110110. Mais 0011111103 00110 3111111031103 051 encore plus
113111131110 , lorsque, 3131011331 5111 105 113005 (1’1111 [)1011 11311110 01 1101-
500310, 11 3 31111115 10111 00 qu'il (levait 50311111 110111 5011 110111, 01 qu'il
3 su, (111 50111 (10 53 1131111010 1110101310, 30111111 001111 (1111 3131313311 (10
pain, 01 50 0035111301 l'appui (10 1’011111011111

Ρ111550, Monsoignfflr, 00110 1101110110 1131130ιὶ03 (1110 je (1011050 aux
1110(15 (10 V 0110 (3133110111, 101110(111110 quelque 011050 (111 01131310 , (10 13
1101100111 01 (10 1011011011 (111 [exte original! Ρ111550-1-0110, 0111101110 (105
1011011035 (1110 1”31 (11015105 (1335 105 Ρο105 01 (1335 305 111115 0011011105
01310315 01110110115, 00131101 01 dirigor 105 05111115 , 01133301 01 5330111101
105 31305, 001150101 01 10101111 105 00011151

 

10 51115, avoc 10 plus 111010131 10511001,

Monscigneur,

Lo 1105-11111111110 01 1105 01101553111-5011110111,

N. DASSANCE,

Chanoine 1103013110 (10 31011131111311,
ct Vivairc 30110131 (10 Momm—Hier.

Do Votrc (1131310111,

